0,0,232,105,1,H,Hidrógeno,1.00794,0,0,0,0,1312.0,2.20,1s¹,+1-1
0,17,232,4,2,He,Helio,4.002602,0,0,0,0,2372.3,---,1s²,---
1,0,232,166,3,Li,Litio,6.941,0,0,0,0,520.2,0.98,1s²2s¹,+1-1
1,1,232,172,4,Be,Berilio,9.012182,0,0,0,0,899.5,1.57,1s²2s²,+2
1,12,232,70,5,B,Boro,10.811,0,0,0,0,800.6,2.04,1s²2s²2p¹,+3+2+1
1,13,232,105,6,C,Carbono,12.0107,0,0,0,0,1086.5,2.55,1s²2s²2p²,+4+3+2+1-1-2-3-4
1,14,232,105,7,N,Nitrógeno,14.0067,0,0,0,0,1402.3,3.04,1s²2s²2p³,+5+4+3+2+1-1-2-3
1,15,232,105,8,O,Oxígeno,15.9994,0,0,0,0,1313.9,3.44,1s²2s²2p⁴,+2+1-1-2
1,16,232,5,9,F,Flúor,18.998403,0,0,0,0,1681.0,3.98,1s²2s²2p⁵,-1
1,17,232,4,10,Ne,Neón,20.1797,0,0,0,0,2080.7,---,1s²2s²2p⁶,---
2,0,232,166,11,Na,Sodio,22.98976,0,0,0,0,495.8,0.93,[Ne]3s¹,+1-1
2,1,232,172,12,Mg,Magnesio,24.3050,0,0,0,0,737.7,1.31,[Ne]3s²,+2+1
2,12,232,178,13,Al,Aluminio,26.98153,0,0,0,0,577.5,1.61,[Ne]3s²3p¹,+3+1
2,13,232,70,14,Si,Silicio,28.0855,0,0,0,0,786.5,1.90,[Ne]3s²3p²,+4+3+2+1-1-2-3-4
2,14,232,105,15,P,Fósforo,30.97696,0,0,0,0,1011.8,2.19,[Ne]3s²3p³,+5+4+3+2+1-1-2
2,15,232,105,16,S,Azufre,32.065,0,0,0,0,999.6,2.58,[Ne]3s²3p⁴,+6+5+4+3+2+1-1-2
2,16,232,5,17,Cl,Cloro,35.453,0,0,0,0,1251.2,3.16,[Ne]3s²3p⁵,+7+6+5+4+3+2+1-1
2,17,232,4,18,Ar,Argón,39.948,0,0,0,0,1520.6,---,[Ne]3s²3p⁶,---
3,0,232,166,19,K,Potasio,39.0983,0,0,0,0,418.8,0.82,[Ar]4s¹,+1
3,1,232,172,20,Ca,Calcio,40.078,0,0,0,0,589.8,1.00,[Ar]4s²,+2
3,2,232,112,21,Sc,Escandio,44.95591,0,0,0,0,633.1,1.36,[Ar]3d¹4s²,+3+2+1
3,3,232,112,22,Ti,Titanio,47.867,0,0,0,0,658.8,1.54,[Ar]3d²4s²,+4+3+2+1-1
3,4,232,112,23,V,Vanadio,50.9415,0,0,0,0,650.9,1.63,[Ar]3d³4s²,+5+4+3+2+1-1
3,5,232,112,24,Cr,Cromo,51.9962,0,0,0,0,652.9,1.66,[Ar]3d⁵4s¹,+6+5+4+3+2+1-1-2
3,6,232,112,25,Mn,Manganeso,54.93804,0,0,0,0,717.3,1.55,[Ar]3d⁵4s²,+7+6+5+4+3+2+1...-3
3,7,232,112,26,Fe,Hierro,55.845,0,0,0,0,762.5,1.83,[Ar]3d⁶4s²,+6+5+4+3+2+1-1-2
3,8,232,112,27,Co,Cobalto,58.93319,0,0,0,0,760.4,1.91,[Ar]3d⁷4s²,+5+4+3+2+1-1-2
3,9,232,112,28,Ni,Niquel,58.6934,0,0,0,0,737.1,1.88,[Ar]3d⁸4s²,+4+3+2+1-1
3,10,232,112,29,Cu,Cobre,63.546,0,0,0,0,745.5,1.90,[Ar]3d¹⁰4s¹,+4+3+2+1
3,11,232,112,30,Zn,Zinc,65.38,0,0,0,0,906.4,1.65,[Ar]3d¹⁰4s²,+2
3,12,232,178,31,Ga,Galio,69.723,0,0,0,0,578.8,1.81,[Ar]3d¹⁰4s²4p¹,+3+2+1
3,13,232,70,32,Ge,Germanio,72.64,0,0,0,0,762.0,2.01,[Ar]3d¹⁰4s²4p²,+4+3+2+1-4
3,14,232,70,33,As,Arsénico,74.92160,0,0,0,0,947.0,2.18,[Ar]3d¹⁰4s²4p³,+5+3+2-3
3,15,232,105,34,Se,Selenio,78.96,0,0,0,0,941.0,2.55,[Ar]3d¹⁰4s²4p⁴,+6+4+2-2
3,16,232,5,35,Br,Bromo,79.904,0,0,0,0,1139.9,2.96,[Ar]3d¹⁰4s²4p⁵,+7+5+4+3+1-1
3,17,232,4,36,Kr,Kriptón,83.798,0,0,0,0,1350.8,3.00,[Ar]3d¹⁰4s²4p⁶,+2
4,0,232,166,37,Rb,Rubidio,85.4678,0,0,0,0,403.0,0.82,[Kr]5s¹,+1
4,1,232,172,38,Sr,Estroncio,87.62,0,0,0,0,549.5,0.95,[Kr]5s²,+2
4,2,232,112,39,Y,Itrio,88.90585,0,0,0,0,600.0,1.22,[Kr]4d¹5s²,+3+2+1
4,3,232,112,40,Zr,Circonio,91.224,0,0,0,0,640.1,1.33,[Kr]4d²5s²,+4+3+2+1
4,4,232,112,41,Nb,Niobio,92.90638,0,0,0,0,652.1,1.60,[Kr]4d⁴5s¹,+5+4+3+2-1
4,5,232,112,42,Mo,Molibdeno,95.96,0,0,0,0,684.3,2.16,[Kr]4d⁵5s¹,+6+5+4+3+2+1-1-2
4,6,232,112,43,Tc,Tecnecio,98,0,0,0,0,702.0,1.90,[Kr]4d⁵5s²,+7+6+5+4+3+2+1-1-3
4,7,232,112,44,Ru,Rutenio,101.07,0,0,0,0,710.2,2.20,[Kr]4d⁷5s¹,+8+7+6+5+4+3+2+1-2
4,8,232,112,45,Rh,Rodio,102.9055,0,0,0,0,719.7,2.28,[Kr]4d⁸5s¹,+6+5+4+3+2+1-1
4,9,232,112,46,Pd,Paladio,106.42,0,0,0,0,804.4,2.20,[Kr]4d¹⁰,+4+2
4,10,232,112,47,Ag,Plata,107.8682,0,0,0,0,731.0,1.93,[Kr]4d¹⁰5s¹,+3+2+1
4,11,232,112,48,Cd,Cadmio,112.441,0,0,0,0,867.8,1.69,[Kr]4d¹⁰5s²,+2
4,12,232,178,49,In,Indio,114.818,0,0,0,0,558.3,1.78,[Kr]4d¹⁰5s²5p¹,+3+2+1
4,13,232,178,50,Sn,Estaño,118.710,0,0,0,0,708.6,1.96,[Kr]4d¹⁰5s²5p²,+4+2-4
4,14,232,70,51,Sb,Antimonio,121.760,0,0,0,0,834.0,2.05,[Kr]4d¹⁰5s²5p³,+5+3-3
4,15,232,70,52,Te,Telurio,127.60,0,0,0,0,869.3,2.10,[Kr]4d¹⁰5s²5p⁴,+6+5+4+2-2
4,16,232,5,53,I,Yodo,126.9044,0,0,0,0,1008.4,2.66,[Kr]4d¹⁰5s²5p⁵,+7+5+3+1-1
4,17,232,4,54,Xe,Xenón,131.293,0,0,0,0,1170.4,2.60,[Kr]4d¹⁰5s²5p⁶,+8+6+4+2
5,0,232,166,55,Cs,Cesio,132.9054,0,0,0,0,375.7,0.79,[Xe]6s¹,+1
5,1,232,172,56,Ba,Bario,137.327,0,0,0,0,502.9,0.89,[Xe]6s²,+2
5,2,232,112,71,Lu,Lutecio,174.9668,0,0,0,0,523.5,1.27,[Xe]4f¹⁴5d¹6s²,+3
5,3,232,112,72,Hf,Hafnio,178.49,0,0,0,0,658.5,1.30,[Xe]4f¹⁴5d²6s²,+4+3+2
5,4,232,112,73,Ta,Tantalio,180.9478,0,0,0,0,761.0,1.50,[Xe]4f¹⁴5d³6s²,+5+4+3+2-1
5,5,232,112,74,W,Wolframio,183.84,0,0,0,0,770.0,2.36,[Xe]4f¹⁴5d⁴6s²,+6+5+4+3+2+1-1-2
5,6,232,112,75,Re,Renio,186.207,0,0,0,0,760.0,1.90,[Xe]4f¹⁴5d⁵6s²,+7+6+5+4+3+2+1-1-3
5,7,232,112,76,Os,Osmio,190.23,0,0,0,0,840.0,2.20,[Xe]4f¹⁴5d⁶6s²,+8+7+6+5+4+3+2+1-2
5,8,232,112,77,Ir,Iridio,192.217,0,0,0,0,880.0,2.20,[Xe]4f¹⁴5d⁷6s²,+6+5+4+3+2+1-1-3
5,9,232,112,78,Pt,Platino,195.084,0,0,0,0,870.0,2.28,[Xe]4f¹⁴5d⁹6s¹,+6+5+4+2
5,10,232,112,79,Au,Oro,196.9665,0,0,0,0,890.0,2.54,[Xe]4f¹⁴5d¹⁰6s¹,+5+3+2+1-1
5,11,232,112,80,Hg,Mercurio,200.59,0,0,0,0,1007.1,2.00,[Xe]4f¹⁴5d¹⁰6s²,+4+2+1
5,12,232,178,81,Tl,Talio,204.3833,0,0,0,0,589.4,1.62,[Xe]4f¹⁴5d¹⁰6s²6p¹,+3+1
5,13,232,178,82,Pb,Plomo,207.2,0,0,0,0,715.6,2.33,[Xe]4f¹⁴5d¹⁰6s²6p²,+4+2-4
5,14,232,178,83,Bi,Bismuto,208.9804,0,0,0,0,703.0,2.02,[Xe]4f¹⁴5d¹⁰6s²6p³,+5+3-3
5,15,232,70,84,Po,Polonio,210,0,0,0,0,812.1,2.00,[Xe]4f¹⁴5d¹⁰6s²6p⁴,+6+4+2-2
5,16,232,5,85,At,Astato,210,0,0,0,0,890.0,2.20,[Xe]4f¹⁴5d¹⁰6s²6p⁵,+1-1
5,17,232,4,86,Rn,Radón,220,0,0,0,0,1037.0,---,[Xe]4f¹⁴5d¹⁰6s²6p⁶,---
6,0,232,166,87,Fr,Francio,223,0,0,0,0,380.0,0.70,[Rn]7s¹,+1
6,1,232,172,88,Ra,Radio,226,0,0,0,0,509.3,0.90,[Rn]7s²,+2
6,2,232,112,103,Lr,Lawrencio,262,0,0,0,0,470,---,[Rn]5f¹⁴7s²7p¹,+3
6,3,232,112,104,Rf,Rutherfordio,261,0,0,0,0,580.0,---,[Rn]5f¹⁴7s²6d²,+4
6,4,232,112,105,Db,Dubnio,262,0,0,0,0,---,---,[Rn]5f¹⁴7s²6d³,+5
6,5,232,112,106,Sg,Seaborgio,266,0,0,0,0,---,---,[Rn]5f¹⁴7s²6d⁴,+6
6,6,232,112,107,Bh,Bohrio,264,0,0,0,0,---,---,[Rn]5f¹⁴7s²6d⁵,+7
6,7,232,112,108,Hs,Hasio,277,0,0,0,0,---,---,[Rn]5f¹⁴7s²6d¹⁰,+8
6,8,232,112,109,Mt,Meitnerio,268,0,0,0,0,---,---,[Rn]5f¹⁴7s²6d⁷,+3+1+3+5
6,9,232,112,110,Ds,Darmstatio,271,0,0,0,0,---,---,[Rn]5f¹⁴7s²6d⁸,+6
6,10,232,112,111,Rg,Roentgenio,272,0,0,0,0,---,---,[Rn]5f¹⁴7s¹6d¹⁰,-1+1+3+5
6,11,232,112,112,Cn,Copernicio,285,0,0,0,0,---,---,[Rn]5f¹⁴7s²6d¹⁰,+4+2
6,12,232,178,113,Nh,Nihonio,284,0,0,0,0,---,---,[Rn]5f¹⁴7s²6d¹⁰7p¹,+1+3+5
6,13,232,178,114,Fl,Flerovio,289,0,0,0,0,---,---,[Rn]5f¹⁴7s²6d¹⁰7p²,+2+4
6,14,232,178,115,Mc,Moscovio,288,0,0,0,0,---,---,[Rn]5f¹⁴7s²6d¹⁰7p³,+1+3
6,15,232,178,116,Lv,Livermorio,292,0,0,0,0,---,---,[Rn]5f¹⁴7s²6d¹⁰7p⁴,+2+4
6,16,232,5,117,Ts,Teneso,294,0,0,0,0,---,---,[Rn]5f¹⁴7s²6d¹⁰7p⁵,-1+1+3+5
6,17,232,4,118,Og,Oganesón,294,0,0,0,0,---,---,[Rn]5f¹⁴7s²6d¹⁰7p⁶,+2+4
8,2,232,46,57,La,Lantano,138.9054,0,0,0,0,538.1,1.10,[Xe]5d¹6s²,+3+2
8,3,232,46,58,Ce,Cerio,140.116,0,0,0,0,534.4,1.12,[Xe]4f¹5d¹6s²,+4+3+2
8,4,232,46,59,Pr,Praseodimio,140.9076,0,0,0,0,527.0,1.13,[Xe]4f³6s²,+4+3+2
8,5,232,46,60,Nd,Neodimio,144.242,0,0,0,0,533.1,1.14,[Xe]4f⁴6s²,+3+2
8,6,232,46,61,Pm,Prometio,145,0,0,0,0,540.0,---,[Xe]4f⁵6s²,+3
8,7,232,46,62,Sm,Samario,150.36,0,0,0,0,544.5,1.17,[Xe]4f⁶6s²,+3+2
8,8,232,46,63,Eu,Europio,151.964,0,0,0,0,547.1,---,[Xe]4f⁷6s²,+3+2
8,9,232,46,64,Gd,Gadolinio,157.25,0,0,0,0,593.4,1.20,[Xe]4f⁷5d¹6s²,+3+2+1
8,10,232,46,65,Tb,Terbio,158.9253,0,0,0,0,565.8,---,[Xe]4f⁹6s²,+4+3+1
8,11,232,46,66,Dy,Disprosio,162.500,0,0,0,0,573.0,1.22,[Xe]4f¹⁰6s²,+3+2
8,12,232,46,67,Ho,Holmio,164.9303,0,0,0,0,581.0,1.23,[Xe]4f¹¹6s²,+3
8,13,232,46,68,Er,Erbio,167.259,0,0,0,0,589.3,1.24,[Xe]4f¹²6s²,+3
8,14,232,46,69,Tm,Tulio,168.9342,0,0,0,0,596.7,1.25,[Xe]4f¹³6s²,+3+2
8,15,232,46,70,Yb,Iterbio,173.054,0,0,0,0,603.4,---,[Xe]4f¹⁴6s²,+3+2
9,2,232,40,89,Ac,Actinio,227,0,0,0,0,499.0,1.10,[Rn]6d¹7s²,+3
9,3,232,40,90,Th,Torio,232.0380,0,0,0,0,587.0,1.30,[Rn]6d²7s²,+4+3+2
9,4,232,40,91,Pa,Protactinio,231.0359,0,0,0,0,568.0,1.50,[Rn]5f²6d¹7s²,+5+4+3
9,5,232,40,92,U,Uranio,238.0285,0,0,0,0,597.6,1.38,[Rn]5f³6d¹7s²,+6+5+4+3
9,6,232,40,93,Np,Neptunio,237,0,0,0,0,604.5,1.36,[Rn]5f⁴6d¹7s²,+7+6+5+4+3
9,7,232,40,94,Pu,Plutonio,244,0,0,0,0,584.7,1.28,[Rn]5f⁶7s²,+7+6+5+4+3
9,8,232,40,95,Am,Americio,243,0,0,0,0,578.0,1.30,[Rn]5f⁷7s²,+6+5+4+3+2
9,9,232,40,96,Cm,Curio,247,0,0,0,0,581.0,1.30,[Rn]5f⁷6d¹7s²,+4+3
9,10,232,40,97,Bk,Berkelio,247,0,0,0,0,601.0,1.30,[Rn]5f⁹7s²,+4+3
9,11,232,40,98,Cf,Californio,251,0,0,0,0,608.0,1.30,[Rn]5f¹⁰7s²,+4+3+1
9,12,232,40,99,Es,Einstenio,252,0,0,0,0,619.0,1.30,[Rn]5f¹¹6s²,+3+2
9,13,232,40,100,Fm,Fermio,257,0,0,0,0,627.0,1.30,[Rn]5f¹²7s²,+3+2
9,14,232,40,101,Md,Mendelevio,258,0,0,0,0,635.0,1.30,[Rn]5f¹³7s²,+3+2
9,15,232,40,102,No,Nobelio,259,0,0,0,0,642.0,1.30,[Rn]5f¹⁴7s²,+3+2
